/** 
	Generated by Helios3D
 */
'use strict';
function getRacks0(  ) {
	return [
		271.5, 298.948, 99.628, 10.0, 1.0, 0.0, 0.021, 0.0, 1.0, 0.0, -0.021, 0.0, 1.0, -1.0, 1, 1, 
		265.474, 307.003, 100.176, 10.0, 0.973, 0.0, 0.232, 0.0, 1.0, 0.0, -0.232, 0.0, 0.973, -1.0, 2, 1, 
		274.951, 307.003, 102.41, 10.0, 0.994, 0.0, -0.107, 0.0, 1.0, 0.0, 0.107, 0.0, 0.994, -1.0, 2, 2, 
		277.972, 316.058, 102.221, 10.0, 0.988, 0.0, 0.153, 0.0, 1.0, 0.0, -0.153, 0.0, 0.988, -1.0, 3, 1, 
		287.723, 316.058, 103.726, 10.0, 0.994, 0.0, -0.105, 0.0, 1.0, 0.0, 0.105, 0.0, 0.994, -1.0, 3, 2, 
		279.544, 325.113, 100.213, 10.0, 0.85, 0.0, 0.527, 0.0, 1.0, 0.0, -0.527, 0.0, 0.85, -1.0, 4, 1, 
		287.549, 325.113, 105.248, 10.0, 1.0, 0.0, 0.029, 0.0, 1.0, 0.0, -0.029, 0.0, 1.0, -1.0, 4, 2, 
		297.164, 325.113, 105.713, 10.0, 0.914, 0.0, -0.405, 0.0, 1.0, 0.0, 0.405, 0.0, 0.914, -1.0, 4, 3, 
		342.937, 325.113, 99.921, 10.0, 0.977, 0.0, 0.213, 0.0, 1.0, 0.0, -0.213, 0.0, 0.977, -1.0, 4, 4, 
		276.004, 333.168, 100.336, 10.0, 0.862, 0.0, 0.506, 0.0, 1.0, 0.0, -0.506, 0.0, 0.862, -1.0, 5, 1, 
		284.457, 333.168, 105.299, 10.0, 0.973, 0.0, 0.232, 0.0, 1.0, 0.0, -0.232, 0.0, 0.973, -1.0, 5, 2, 
		293.601, 333.168, 107.705, 10.0, 0.94, 0.0, -0.34, 0.0, 1.0, 0.0, 0.34, 0.0, 0.94, -1.0, 5, 3, 
		336.167, 333.168, 100.155, 10.0, 0.938, 0.0, 0.347, 0.0, 1.0, 0.0, -0.347, 0.0, 0.938, -1.0, 5, 4, 
		345.474, 333.168, 103.666, 10.0, 0.991, 0.0, 0.135, 0.0, 1.0, 0.0, -0.135, 0.0, 0.991, -1.0, 5, 5, 
		354.959, 333.168, 105.098, 10.0, 0.944, 0.0, -0.329, 0.0, 1.0, 0.0, 0.329, 0.0, 0.944, -1.0, 5, 6, 
		388.505, 333.168, 100.096, 10.0, 0.942, 0.0, 0.336, 0.0, 1.0, 0.0, -0.336, 0.0, 0.942, -1.0, 5, 7, 
		274.474, 341.223, 100.009, 10.0, 0.799, 0.0, 0.602, 0.0, 1.0, 0.0, -0.602, 0.0, 0.799, -1.0, 6, 1, 
		282.266, 341.223, 105.839, 10.0, 0.948, 0.0, 0.318, 0.0, 1.0, 0.0, -0.318, 0.0, 0.948, -1.0, 6, 2, 
		291.306, 341.223, 108.884, 10.0, 0.988, 0.0, -0.155, 0.0, 1.0, 0.0, 0.155, 0.0, 0.988, -1.0, 6, 3, 
		301.014, 341.223, 107.448, 10.0, 0.897, 0.0, -0.442, 0.0, 1.0, 0.0, 0.442, 0.0, 0.897, -1.0, 6, 4, 
		328.64, 341.223, 99.782, 10.0, 0.931, 0.0, 0.364, 0.0, 1.0, 0.0, -0.364, 0.0, 0.931, -1.0, 6, 5, 
		338.16, 341.223, 103.549, 10.0, 0.938, 0.0, 0.345, 0.0, 1.0, 0.0, -0.345, 0.0, 0.938, -1.0, 6, 6, 
		347.362, 341.223, 107.005, 10.0, 0.998, 0.0, 0.056, 0.0, 1.0, 0.0, -0.056, 0.0, 0.998, -1.0, 6, 7, 
		367.725, 341.223, 104.591, 10.0, 0.931, 0.0, -0.366, 0.0, 1.0, 0.0, 0.366, 0.0, 0.931, -1.0, 6, 8, 
		385.256, 341.223, 100.595, 10.0, 0.894, 0.0, 0.447, 0.0, 1.0, 0.0, -0.447, 0.0, 0.894, -1.0, 6, 9, 
		279.173, 350.278, 102.192, 10.0, 0.843, 0.0, 0.538, 0.0, 1.0, 0.0, -0.538, 0.0, 0.843, -1.0, 7, 1, 
		287.409, 350.278, 107.454, 10.0, 0.968, 0.0, 0.252, 0.0, 1.0, 0.0, -0.252, 0.0, 0.968, -1.0, 7, 2, 
		296.546, 350.278, 110.008, 10.0, 0.957, 0.0, -0.29, 0.0, 1.0, 0.0, 0.29, 0.0, 0.957, -1.0, 7, 3, 
		336.969, 350.278, 106.283, 10.0, 0.954, 0.0, 0.301, 0.0, 1.0, 0.0, -0.301, 0.0, 0.954, -1.0, 7, 4, 
		356.878, 350.278, 111.254, 10.0, 0.959, 0.0, -0.284, 0.0, 1.0, 0.0, 0.284, 0.0, 0.959, -1.0, 7, 5, 
		366.374, 350.278, 108.463, 10.0, 0.858, 0.0, -0.513, 0.0, 1.0, 0.0, 0.513, 0.0, 0.858, -1.0, 7, 6, 
		376.084, 350.278, 102.735, 10.0, 0.991, 0.0, -0.133, 0.0, 1.0, 0.0, 0.133, 0.0, 0.991, -1.0, 7, 7, 
		387.745, 350.278, 102.387, 10.0, 0.866, 0.0, 0.5, 0.0, 1.0, 0.0, -0.5, 0.0, 0.866, -1.0, 7, 8, 
		396.095, 350.278, 107.232, 10.0, 0.992, 0.0, 0.126, 0.0, 1.0, 0.0, -0.126, 0.0, 0.992, -1.0, 7, 9, 
		405.658, 350.278, 108.644, 10.0, 0.957, 0.0, -0.292, 0.0, 1.0, 0.0, 0.292, 0.0, 0.957, -1.0, 7, 10, 
		283.44, 359.333, 101.382, 10.0, 0.795, 0.0, 0.607, 0.0, 1.0, 0.0, -0.607, 0.0, 0.795, -1.0, 8, 1, 
		291.228, 359.333, 107.211, 10.0, 0.937, 0.0, 0.349, 0.0, 1.0, 0.0, -0.349, 0.0, 0.937, -1.0, 8, 2, 
		300.016, 359.333, 110.683, 10.0, 0.975, 0.0, -0.221, 0.0, 1.0, 0.0, 0.221, 0.0, 0.975, -1.0, 8, 3, 
		340.624, 359.333, 110.806, 10.0, 0.947, 0.0, 0.32, 0.0, 1.0, 0.0, -0.32, 0.0, 0.947, -1.0, 8, 4, 
		349.742, 359.333, 113.961, 10.0, 0.996, 0.0, -0.091, 0.0, 1.0, 0.0, 0.091, 0.0, 0.996, -1.0, 8, 5, 
		359.432, 359.333, 113.167, 10.0, 0.895, 0.0, -0.446, 0.0, 1.0, 0.0, 0.446, 0.0, 0.895, -1.0, 8, 6, 
		368.278, 359.333, 108.792, 10.0, 0.737, 0.0, -0.676, 0.0, 1.0, 0.0, 0.676, 0.0, 0.737, -1.0, 8, 7, 
		378.521, 359.333, 100.989, 10.0, 0.897, 0.0, 0.442, 0.0, 1.0, 0.0, -0.442, 0.0, 0.897, -1.0, 8, 8, 
		387.658, 359.333, 105.489, 10.0, 0.917, 0.0, 0.399, 0.0, 1.0, 0.0, -0.399, 0.0, 0.917, -1.0, 8, 9, 
		281.03, 367.802, 100.15, 10.0, 0.814, 0.0, 0.581, 0.0, 1.0, 0.0, -0.581, 0.0, 0.814, -1.0, 9, 1, 
		289.317, 367.802, 106.062, 10.0, 0.846, 0.0, 0.533, 0.0, 1.0, 0.0, -0.533, 0.0, 0.846, -1.0, 9, 2, 
		297.396, 367.802, 111.291, 10.0, 0.993, 0.0, 0.115, 0.0, 1.0, 0.0, -0.115, 0.0, 0.993, -1.0, 9, 3, 
		338.187, 367.802, 112.451, 10.0, 0.947, 0.0, 0.321, 0.0, 1.0, 0.0, -0.321, 0.0, 0.947, -1.0, 9, 4, 
		347.418, 367.802, 115.624, 10.0, 1.0, 0.0, -0.01, 0.0, 1.0, 0.0, 0.01, 0.0, 1.0, -1.0, 9, 5, 
		356.913, 367.802, 115.798, 10.0, 0.848, 0.0, -0.531, 0.0, 1.0, 0.0, 0.531, 0.0, 0.848, -1.0, 9, 6, 
		365.449, 367.802, 110.464, 10.0, 0.767, 0.0, -0.642, 0.0, 1.0, 0.0, 0.642, 0.0, 0.767, -1.0, 9, 7, 
		375.935, 367.802, 102.07, 10.0, 0.892, 0.0, 0.452, 0.0, 1.0, 0.0, -0.452, 0.0, 0.892, -1.0, 9, 8, 
		385.025, 367.802, 106.688, 10.0, 0.91, 0.0, 0.414, 0.0, 1.0, 0.0, -0.414, 0.0, 0.91, -1.0, 9, 9, 
		284.005, 376.015, 101.892, 10.0, 0.821, 0.0, 0.571, 0.0, 1.0, 0.0, -0.571, 0.0, 0.821, -1.0, 10, 1, 
		292.399, 376.015, 107.632, 10.0, 0.835, 0.0, 0.551, 0.0, 1.0, 0.0, -0.551, 0.0, 0.835, -1.0, 10, 2, 
		300.52, 376.015, 113.111, 10.0, 0.971, 0.0, 0.24, 0.0, 1.0, 0.0, -0.24, 0.0, 0.971, -1.0, 10, 3, 
		310.119, 376.015, 115.538, 10.0, 1.0, 0.0, -0.001, 0.0, 1.0, 0.0, 0.001, 0.0, 1.0, -1.0, 10, 4, 
		340.738, 376.015, 116.018, 10.0, 0.976, 0.0, 0.218, 0.0, 1.0, 0.0, -0.218, 0.0, 0.976, -1.0, 10, 5, 
		350.05, 376.015, 118.142, 10.0, 0.966, 0.0, -0.26, 0.0, 1.0, 0.0, 0.26, 0.0, 0.966, -1.0, 10, 6, 
		359.403, 376.015, 115.832, 10.0, 0.771, 0.0, -0.637, 0.0, 1.0, 0.0, 0.637, 0.0, 0.771, -1.0, 10, 7, 
		367.65, 376.015, 109.034, 10.0, 0.866, 0.0, -0.499, 0.0, 1.0, 0.0, 0.499, 0.0, 0.866, -1.0, 10, 8, 
		378.943, 376.015, 104.145, 10.0, 0.861, 0.0, 0.509, 0.0, 1.0, 0.0, -0.509, 0.0, 0.861, -1.0, 10, 9, 
		387.615, 376.015, 109.271, 10.0, 0.917, 0.0, 0.4, 0.0, 1.0, 0.0, -0.4, 0.0, 0.917, -1.0, 10, 10, 
		284.478, 385.07, 100.413, 10.0, 0.875, 0.0, 0.484, 0.0, 1.0, 0.0, -0.484, 0.0, 0.875, -1.0, 11, 1, 
		293.492, 385.07, 105.437, 10.0, 0.865, 0.0, 0.503, 0.0, 1.0, 0.0, -0.503, 0.0, 0.865, -1.0, 11, 2, 
		302.622, 385.07, 110.889, 10.0, 0.79, 0.0, 0.613, 0.0, 1.0, 0.0, -0.613, 0.0, 0.79, -1.0, 11, 3, 
		320.876, 385.07, 119.319, 10.0, 1.0, 0.0, 0.018, 0.0, 1.0, 0.0, -0.018, 0.0, 1.0, -1.0, 11, 4, 
		331.115, 385.07, 119.501, 10.0, 1.0, 0.0, 0.019, 0.0, 1.0, 0.0, -0.019, 0.0, 1.0, -1.0, 11, 5, 
		341.486, 385.07, 119.713, 10.0, 0.997, 0.0, 0.074, 0.0, 1.0, 0.0, -0.074, 0.0, 0.997, -1.0, 11, 6, 
		351.122, 385.07, 120.49, 10.0, 0.944, 0.0, -0.329, 0.0, 1.0, 0.0, 0.329, 0.0, 0.944, -1.0, 11, 7, 
		360.538, 385.07, 117.239, 10.0, 0.86, 0.0, -0.51, 0.0, 1.0, 0.0, 0.51, 0.0, 0.86, -1.0, 11, 8, 
		369.568, 385.07, 111.887, 10.0, 0.906, 0.0, -0.422, 0.0, 1.0, 0.0, 0.422, 0.0, 0.906, -1.0, 11, 9, 
		380.771, 385.07, 107.338, 10.0, 0.926, 0.0, 0.378, 0.0, 1.0, 0.0, -0.378, 0.0, 0.926, -1.0, 11, 10, 
		390.258, 385.07, 111.224, 10.0, 0.926, 0.0, 0.376, 0.0, 1.0, 0.0, -0.376, 0.0, 0.926, -1.0, 11, 11, 
		283.066, 393.125, 100.705, 10.0, 0.904, 0.0, 0.428, 0.0, 1.0, 0.0, -0.428, 0.0, 0.904, -1.0, 12, 1, 
		292.696, 393.125, 105.298, 10.0, 0.814, 0.0, 0.581, 0.0, 1.0, 0.0, -0.581, 0.0, 0.814, -1.0, 12, 2, 
		301.215, 393.125, 111.53, 10.0, 0.76, 0.0, 0.65, 0.0, 1.0, 0.0, -0.65, 0.0, 0.76, -1.0, 12, 3, 
		308.606, 393.125, 117.95, 10.0, 0.934, 0.0, 0.358, 0.0, 1.0, 0.0, -0.358, 0.0, 0.934, -1.0, 12, 4, 
		317.806, 393.125, 121.543, 10.0, 0.995, 0.0, 0.101, 0.0, 1.0, 0.0, -0.101, 0.0, 0.995, -1.0, 12, 5, 
		327.89, 393.125, 122.562, 10.0, 1.0, 0.0, 0.027, 0.0, 1.0, 0.0, -0.027, 0.0, 1.0, -1.0, 12, 6, 
		338.053, 393.125, 122.835, 10.0, 1.0, 0.0, -0.025, 0.0, 1.0, 0.0, 0.025, 0.0, 1.0, -1.0, 12, 7, 
		347.886, 393.125, 122.622, 10.0, 0.952, 0.0, -0.307, 0.0, 1.0, 0.0, 0.307, 0.0, 0.952, -1.0, 12, 8, 
		357.337, 393.125, 119.633, 10.0, 0.856, 0.0, -0.516, 0.0, 1.0, 0.0, 0.516, 0.0, 0.856, -1.0, 12, 9, 
		283.818, 401.18, 100.81, 10.0, 0.786, 0.0, 0.618, 0.0, 1.0, 0.0, -0.618, 0.0, 0.786, -1.0, 13, 1, 
		291.793, 401.18, 107.092, 10.0, 0.835, 0.0, 0.55, 0.0, 1.0, 0.0, -0.55, 0.0, 0.835, -1.0, 13, 2, 
		300.359, 401.18, 112.742, 10.0, 0.837, 0.0, 0.547, 0.0, 1.0, 0.0, -0.547, 0.0, 0.837, -1.0, 13, 3, 
		308.709, 401.18, 118.199, 10.0, 0.924, 0.0, 0.382, 0.0, 1.0, 0.0, -0.382, 0.0, 0.924, -1.0, 13, 4, 
		317.913, 401.18, 122.03, 10.0, 0.981, 0.0, 0.195, 0.0, 1.0, 0.0, -0.195, 0.0, 0.981, -1.0, 13, 5, 
		327.818, 401.18, 124.011, 10.0, 0.995, 0.0, 0.098, 0.0, 1.0, 0.0, -0.098, 0.0, 0.995, -1.0, 13, 6, 
		337.674, 401.18, 125.002, 10.0, 0.991, 0.0, -0.137, 0.0, 1.0, 0.0, 0.137, 0.0, 0.991, -1.0, 13, 7, 
		347.421, 401.18, 123.697, 10.0, 0.91, 0.0, -0.414, 0.0, 1.0, 0.0, 0.414, 0.0, 0.91, -1.0, 13, 8, 
		260.229, 410.435, 104.806, 10.0, 0.937, 0.0, -0.35, 0.0, 1.0, 0.0, 0.35, 0.0, 0.937, -1.0, 14, 1, 
		291.404, 418.49, 104.881, 10.0, 0.92, 0.0, 0.391, 0.0, 1.0, 0.0, -0.391, 0.0, 0.92, -1.0, 15, 1, 
		300.517, 418.49, 108.788, 10.0, 0.986, 0.0, 0.168, 0.0, 1.0, 0.0, -0.168, 0.0, 0.986, -1.0, 15, 2, 
		310.633, 418.49, 110.488, 10.0, 0.984, 0.0, 0.176, 0.0, 1.0, 0.0, -0.176, 0.0, 0.984, -1.0, 15, 3, 
		321.226, 418.49, 112.303, 10.0, 0.921, 0.0, 0.39, 0.0, 1.0, 0.0, -0.39, 0.0, 0.921, -1.0, 15, 4, 
		331.084, 418.49, 116.648, 10.0, 0.824, 0.0, 0.567, 0.0, 1.0, 0.0, -0.567, 0.0, 0.824, -1.0, 15, 5, 
		295.241, 427.545, 105.371, 10.0, 0.991, 0.0, 0.131, 0.0, 1.0, 0.0, -0.131, 0.0, 0.991, -1.0, 16, 1, 
		305.838, 427.545, 106.857, 10.0, 0.948, 0.0, 0.317, 0.0, 1.0, 0.0, -0.317, 0.0, 0.948, -1.0, 16, 2, 
		315.687, 427.545, 110.123, 10.0, 0.928, 0.0, 0.372, 0.0, 1.0, 0.0, -0.372, 0.0, 0.928, -1.0, 16, 3, 
		325.56, 427.545, 114.155, 10.0, 0.853, 0.0, 0.522, 0.0, 1.0, 0.0, -0.522, 0.0, 0.853, -1.0, 16, 4, 
		334.205, 427.545, 119.441, 10.0, 0.894, 0.0, 0.448, 0.0, 1.0, 0.0, -0.448, 0.0, 0.894, -1.0, 16, 5, 
		318.25, 435.912, 112.992, 10.0, 0.892, 0.0, 0.453, 0.0, 1.0, 0.0, -0.453, 0.0, 0.892, -1.0, 17, 1, 
		327.303, 435.912, 117.591, 10.0, 0.92, 0.0, 0.391, 0.0, 1.0, 0.0, -0.391, 0.0, 0.92, -1.0, 17, 2, 
		-60.381, 112.313, 79.5, 10.0, 0.87, 0.0, -0.493, 0.0, 1.0, 0.0, 0.493, 0.0, 0.87, -1.0, 1, 1, 
		-66.901, 133.168, 92.901, 10.0, 0.767, 0.0, -0.642, 0.0, 1.0, 0.0, 0.642, 0.0, 0.767, -1.0, 2, 1, 
		-71.554, 141.223, 98.972, 10.0, 0.877, 0.0, -0.48, 0.0, 1.0, 0.0, 0.48, 0.0, 0.877, -1.0, 3, 1, 
		-62.812, 141.223, 94.225, 10.0, 0.755, 0.0, -0.656, 0.0, 1.0, 0.0, 0.656, 0.0, 0.755, -1.0, 3, 2, 
		-54.685, 141.223, 87.185, 10.0, 0.866, 0.0, -0.499, 0.0, 1.0, 0.0, 0.499, 0.0, 0.866, -1.0, 3, 3, 
		-81.745, 149.278, 105.578, 10.0, 0.865, 0.0, -0.503, 0.0, 1.0, 0.0, 0.503, 0.0, 0.865, -1.0, 4, 1, 
		-72.943, 149.278, 100.456, 10.0, 0.836, 0.0, -0.548, 0.0, 1.0, 0.0, 0.548, 0.0, 0.836, -1.0, 4, 2, 
		-64.437, 149.278, 94.882, 10.0, 0.799, 0.0, -0.601, 0.0, 1.0, 0.0, 0.601, 0.0, 0.799, -1.0, 4, 3, 
		-56.002, 149.278, 88.51, 10.0, 0.863, 0.0, -0.505, 0.0, 1.0, 0.0, 0.505, 0.0, 0.863, -1.0, 4, 4, 
		-97.664, 158.333, 112.879, 10.0, 0.886, 0.0, -0.463, 0.0, 1.0, 0.0, 0.463, 0.0, 0.886, -1.0, 5, 1, 
		-88.574, 158.333, 108.144, 10.0, 0.887, 0.0, -0.462, 0.0, 1.0, 0.0, 0.462, 0.0, 0.887, -1.0, 5, 2, 
		-79.62, 158.333, 103.483, 10.0, 0.829, 0.0, -0.559, 0.0, 1.0, 0.0, 0.559, 0.0, 0.829, -1.0, 5, 3, 
		-71.005, 158.333, 97.724, 10.0, 0.858, 0.0, -0.514, 0.0, 1.0, 0.0, 0.514, 0.0, 0.858, -1.0, 5, 4, 
		-62.126, 158.333, 92.394, 10.0, 0.877, 0.0, -0.48, 0.0, 1.0, 0.0, 0.48, 0.0, 0.877, -1.0, 5, 5, 
		-53.026, 158.333, 87.441, 10.0, 0.9, 0.0, -0.437, 0.0, 1.0, 0.0, 0.437, 0.0, 0.9, -1.0, 5, 6, 
		-106.181, 167.388, 118.448, 10.0, 0.769, 0.0, -0.64, 0.0, 1.0, 0.0, 0.64, 0.0, 0.769, -1.0, 6, 1, 
		-97.684, 167.388, 111.428, 10.0, 0.922, 0.0, -0.388, 0.0, 1.0, 0.0, 0.388, 0.0, 0.922, -1.0, 6, 2, 
		-88.33, 167.388, 107.492, 10.0, 0.891, 0.0, -0.453, 0.0, 1.0, 0.0, 0.453, 0.0, 0.891, -1.0, 6, 3, 
		-79.093, 167.388, 102.806, 10.0, 0.911, 0.0, -0.412, 0.0, 1.0, 0.0, 0.412, 0.0, 0.911, -1.0, 6, 4, 
		-69.907, 167.388, 98.646, 10.0, 0.855, 0.0, -0.519, 0.0, 1.0, 0.0, 0.519, 0.0, 0.855, -1.0, 6, 5, 
		-61.155, 167.388, 93.324, 10.0, 0.849, 0.0, -0.529, 0.0, 1.0, 0.0, 0.529, 0.0, 0.849, -1.0, 6, 6, 
		-112.863, 176.443, 122.237, 10.0, 0.877, 0.0, -0.481, 0.0, 1.0, 0.0, 0.481, 0.0, 0.877, -1.0, 7, 1, 
		-103.892, 176.443, 117.311, 10.0, 0.869, 0.0, -0.494, 0.0, 1.0, 0.0, 0.494, 0.0, 0.869, -1.0, 7, 2, 
		-94.762, 176.443, 112.178, 10.0, 0.915, 0.0, -0.404, 0.0, 1.0, 0.0, 0.404, 0.0, 0.915, -1.0, 7, 3, 
		-85.453, 176.443, 108.062, 10.0, 0.893, 0.0, -0.45, 0.0, 1.0, 0.0, 0.45, 0.0, 0.893, -1.0, 7, 4, 
		-76.456, 176.443, 103.549, 10.0, 0.827, 0.0, -0.562, 0.0, 1.0, 0.0, 0.562, 0.0, 0.827, -1.0, 7, 5, 
		-68.028, 176.443, 97.834, 10.0, 0.796, 0.0, -0.605, 0.0, 1.0, 0.0, 0.605, 0.0, 0.796, -1.0, 7, 6, 
		-59.799, 176.443, 91.603, 10.0, 0.813, 0.0, -0.582, 0.0, 1.0, 0.0, 0.582, 0.0, 0.813, -1.0, 7, 7, 
		-119.545, 185.498, 119.734, 10.0, 0.934, 0.0, -0.357, 0.0, 1.0, 0.0, 0.357, 0.0, 0.934, -1.0, 8, 1, 
		-109.559, 185.498, 116.046, 10.0, 0.983, 0.0, -0.184, 0.0, 1.0, 0.0, 0.184, 0.0, 0.983, -1.0, 8, 2, 
		-99.743, 185.498, 114.198, 10.0, 0.933, 0.0, -0.36, 0.0, 1.0, 0.0, 0.36, 0.0, 0.933, -1.0, 8, 3, 
		-90.257, 185.498, 110.544, 10.0, 0.911, 0.0, -0.413, 0.0, 1.0, 0.0, 0.413, 0.0, 0.911, -1.0, 8, 4, 
		-81.224, 185.498, 106.467, 10.0, 0.781, 0.0, -0.625, 0.0, 1.0, 0.0, 0.625, 0.0, 0.781, -1.0, 8, 5, 
		-73.155, 185.498, 100.013, 10.0, 0.798, 0.0, -0.603, 0.0, 1.0, 0.0, 0.603, 0.0, 0.798, -1.0, 8, 6, 
		-65.048, 185.498, 93.89, 10.0, 0.75, 0.0, -0.661, 0.0, 1.0, 0.0, 0.661, 0.0, 0.75, -1.0, 8, 7, 
		-126.227, 194.553, 118.911, 10.0, 0.83, 0.0, -0.557, 0.0, 1.0, 0.0, 0.557, 0.0, 0.83, -1.0, 9, 1, 
		-117.312, 194.553, 112.958, 10.0, 0.92, 0.0, -0.392, 0.0, 1.0, 0.0, 0.392, 0.0, 0.92, -1.0, 9, 2, 
		-106.982, 194.553, 109.009, 10.0, 1.0, 0.0, -0.015, 0.0, 1.0, 0.0, 0.015, 0.0, 1.0, -1.0, 9, 3, 
		-97.064, 194.553, 108.887, 10.0, 0.971, 0.0, -0.24, 0.0, 1.0, 0.0, 0.24, 0.0, 0.971, -1.0, 9, 4, 
		-87.377, 194.553, 106.52, 10.0, 0.908, 0.0, -0.42, 0.0, 1.0, 0.0, 0.42, 0.0, 0.908, -1.0, 9, 5, 
		-78.304, 194.553, 102.338, 10.0, 0.814, 0.0, -0.581, 0.0, 1.0, 0.0, 0.581, 0.0, 0.814, -1.0, 9, 6, 
		-70.046, 194.553, 96.443, 10.0, 0.762, 0.0, -0.648, 0.0, 1.0, 0.0, 0.648, 0.0, 0.762, -1.0, 9, 7, 
		-132.909, 203.608, 122.588, 10.0, 0.891, 0.0, -0.453, 0.0, 1.0, 0.0, 0.453, 0.0, 0.891, -1.0, 10, 1, 
		-123.49, 203.608, 117.818, 10.0, 0.942, 0.0, -0.336, 0.0, 1.0, 0.0, 0.336, 0.0, 0.942, -1.0, 10, 2, 
		-114.389, 203.608, 114.624, 10.0, 0.694, 0.0, -0.72, 0.0, 1.0, 0.0, 0.72, 0.0, 0.694, -1.0, 10, 3, 
		-106.038, 203.608, 105.889, 10.0, 0.978, 0.0, -0.21, 0.0, 1.0, 0.0, 0.21, 0.0, 0.978, -1.0, 10, 4, 
		-96.099, 203.608, 103.752, 10.0, 0.965, 0.0, -0.262, 0.0, 1.0, 0.0, 0.262, 0.0, 0.965, -1.0, 10, 5, 
		-86.44, 203.608, 101.148, 10.0, 0.907, 0.0, -0.421, 0.0, 1.0, 0.0, 0.421, 0.0, 0.907, -1.0, 10, 6, 
		-77.143, 203.608, 96.867, 10.0, 0.907, 0.0, -0.422, 0.0, 1.0, 0.0, 0.422, 0.0, 0.907, -1.0, 10, 7, 
		-139.592, 212.663, 129.646, 10.0, 0.883, 0.0, -0.469, 0.0, 1.0, 0.0, 0.469, 0.0, 0.883, -1.0, 11, 1, 
		-130.762, 212.663, 124.971, 10.0, 0.778, 0.0, -0.629, 0.0, 1.0, 0.0, 0.629, 0.0, 0.778, -1.0, 11, 2, 
		-122.562, 212.663, 118.321, 10.0, 0.842, 0.0, -0.54, 0.0, 1.0, 0.0, 0.54, 0.0, 0.842, -1.0, 11, 3, 
		-114.118, 212.663, 112.926, 10.0, 0.738, 0.0, -0.675, 0.0, 1.0, 0.0, 0.675, 0.0, 0.738, -1.0, 11, 4, 
		-106.014, 212.663, 105.544, 10.0, 0.89, 0.0, -0.457, 0.0, 1.0, 0.0, 0.457, 0.0, 0.89, -1.0, 11, 5, 
		-96.468, 212.663, 100.722, 10.0, 0.96, 0.0, -0.279, 0.0, 1.0, 0.0, 0.279, 0.0, 0.96, -1.0, 11, 6, 
		-86.659, 212.663, 97.876, 10.0, 0.954, 0.0, -0.3, 0.0, 1.0, 0.0, 0.3, 0.0, 0.954, -1.0, 11, 7, 
		-76.955, 212.663, 94.823, 10.0, 0.937, 0.0, -0.349, 0.0, 1.0, 0.0, 0.349, 0.0, 0.937, -1.0, 11, 8, 
		-140.746, 221.718, 133.338, 10.0, 0.771, 0.0, -0.637, 0.0, 1.0, 0.0, 0.637, 0.0, 0.771, -1.0, 12, 1, 
		-132.755, 221.718, 126.758, 10.0, 0.795, 0.0, -0.607, 0.0, 1.0, 0.0, 0.607, 0.0, 0.795, -1.0, 12, 2, 
		-124.588, 221.718, 120.51, 10.0, 0.798, 0.0, -0.603, 0.0, 1.0, 0.0, 0.603, 0.0, 0.798, -1.0, 12, 3, 
		-116.488, 221.718, 114.387, 10.0, 0.745, 0.0, -0.667, 0.0, 1.0, 0.0, 0.667, 0.0, 0.745, -1.0, 12, 4, 
		-108.321, 221.718, 107.178, 10.0, 0.891, 0.0, -0.453, 0.0, 1.0, 0.0, 0.453, 0.0, 0.891, -1.0, 12, 5, 
		-99.11, 221.718, 102.522, 10.0, 0.906, 0.0, -0.423, 0.0, 1.0, 0.0, 0.423, 0.0, 0.906, -1.0, 12, 6, 
		-89.537, 221.718, 98.073, 10.0, 0.953, 0.0, -0.304, 0.0, 1.0, 0.0, 0.304, 0.0, 0.953, -1.0, 12, 7, 
		-134.602, 230.772, 124.77, 10.0, 0.789, 0.0, -0.615, 0.0, 1.0, 0.0, 0.615, 0.0, 0.789, -1.0, 13, 1, 
		-126.184, 230.772, 118.095, 10.0, 0.877, 0.0, -0.481, 0.0, 1.0, 0.0, 0.481, 0.0, 0.877, -1.0, 13, 2, 
		-117.263, 230.772, 113.205, 10.0, 0.849, 0.0, -0.529, 0.0, 1.0, 0.0, 0.529, 0.0, 0.849, -1.0, 13, 3, 
		-108.414, 230.772, 107.685, 10.0, 0.883, 0.0, -0.469, 0.0, 1.0, 0.0, 0.469, 0.0, 0.883, -1.0, 13, 4, 
		-99.485, 230.772, 102.945, 10.0, 0.83, 0.0, -0.558, 0.0, 1.0, 0.0, 0.558, 0.0, 0.83, -1.0, 13, 5, 
		-90.134, 230.772, 96.809, 10.0, 0.978, 0.0, -0.208, 0.0, 1.0, 0.0, 0.208, 0.0, 0.978, -1.0, 13, 6, 
		-135.778, 239.827, 121.667, 10.0, 0.846, 0.0, -0.533, 0.0, 1.0, 0.0, 0.533, 0.0, 0.846, -1.0, 14, 1, 
		-127.045, 239.827, 116.15, 10.0, 0.86, 0.0, -0.511, 0.0, 1.0, 0.0, 0.511, 0.0, 0.86, -1.0, 14, 2, 
		-118.041, 239.827, 110.882, 10.0, 0.901, 0.0, -0.433, 0.0, 1.0, 0.0, 0.433, 0.0, 0.901, -1.0, 14, 3, 
		-137.548, 247.882, 123.584, 10.0, 0.894, 0.0, -0.448, 0.0, 1.0, 0.0, 0.448, 0.0, 0.894, -1.0, 15, 1, 
		-128.407, 247.882, 119.011, 10.0, 0.885, 0.0, -0.466, 0.0, 1.0, 0.0, 0.466, 0.0, 0.885, -1.0, 15, 2, 
		-119.124, 247.882, 114.089, 10.0, 0.926, 0.0, -0.379, 0.0, 1.0, 0.0, 0.379, 0.0, 0.926, -1.0, 15, 3, 
		-109.645, 247.882, 110.216, 10.0, 0.924, 0.0, -0.383, 0.0, 1.0, 0.0, 0.383, 0.0, 0.924, -1.0, 15, 4, 
		-100.167, 247.882, 106.273, 10.0, 0.926, 0.0, -0.378, 0.0, 1.0, 0.0, 0.378, 0.0, 0.926, -1.0, 15, 5, 
		-139.538, 256.937, 119.947, 10.0, 0.913, 0.0, -0.409, 0.0, 1.0, 0.0, 0.409, 0.0, 0.913, -1.0, 16, 1, 
		-129.733, 256.937, 115.53, 10.0, 0.975, 0.0, -0.22, 0.0, 1.0, 0.0, 0.22, 0.0, 0.975, -1.0, 16, 2, 
		-119.923, 256.937, 113.304, 10.0, 0.938, 0.0, -0.347, 0.0, 1.0, 0.0, 0.347, 0.0, 0.938, -1.0, 16, 3, 
		-110.365, 256.937, 109.761, 10.0, 0.924, 0.0, -0.383, 0.0, 1.0, 0.0, 0.383, 0.0, 0.924, -1.0, 16, 4, 
		-100.916, 256.937, 105.838, 10.0, 0.919, 0.0, -0.395, 0.0, 1.0, 0.0, 0.395, 0.0, 0.919, -1.0, 16, 5, 
		-141.641, 265.992, 117.541, 10.0, 0.967, 0.0, -0.256, 0.0, 1.0, 0.0, 0.256, 0.0, 0.967, -1.0, 17, 1, 
		-131.794, 265.992, 114.932, 10.0, 0.956, 0.0, -0.294, 0.0, 1.0, 0.0, 0.294, 0.0, 0.956, -1.0, 17, 2, 
		-121.998, 265.992, 111.93, 10.0, 0.956, 0.0, -0.292, 0.0, 1.0, 0.0, 0.292, 0.0, 0.956, -1.0, 17, 3, 
		-112.427, 265.992, 109.01, 10.0, 0.892, 0.0, -0.451, 0.0, 1.0, 0.0, 0.451, 0.0, 0.892, -1.0, 17, 4, 
		-102.729, 265.992, 104.092, 10.0, 0.975, 0.0, -0.221, 0.0, 1.0, 0.0, 0.221, 0.0, 0.975, -1.0, 17, 5, 
		-82.601, 265.992, 100.619, 10.0, 0.999, 0.0, -0.034, 0.0, 1.0, 0.0, 0.034, 0.0, 0.999, -1.0, 17, 6, 
		-53.291, 265.992, 101.526, 10.0, 0.938, 0.0, 0.347, 0.0, 1.0, 0.0, -0.347, 0.0, 0.938, -1.0, 17, 7, 
		-123.226, 274.047, 114.093, 10.0, 0.96, 0.0, -0.281, 0.0, 1.0, 0.0, 0.281, 0.0, 0.96, -1.0, 18, 1, 
		-113.542, 274.047, 111.261, 10.0, 0.923, 0.0, -0.385, 0.0, 1.0, 0.0, 0.385, 0.0, 0.923, -1.0, 18, 2, 
		-103.677, 274.047, 107.048, 10.0, 0.977, 0.0, -0.215, 0.0, 1.0, 0.0, 0.215, 0.0, 0.977, -1.0, 18, 3, 
		-83.536, 274.047, 104.135, 10.0, 0.99, 0.0, -0.14, 0.0, 1.0, 0.0, 0.14, 0.0, 0.99, -1.0, 18, 4, 
		-42.777, 274.047, 108.783, 10.0, 0.88, 0.0, 0.476, 0.0, 1.0, 0.0, -0.476, 0.0, 0.88, -1.0, 18, 5, 
		7.101, 274.047, 108.178, 10.0, 1.0, 0.0, -0.003, 0.0, 1.0, 0.0, 0.003, 0.0, 1.0, -1.0, 18, 6, 
		-129.095, 282.102, 119.707, 10.0, 0.929, 0.0, -0.369, 0.0, 1.0, 0.0, 0.369, 0.0, 0.929, -1.0, 19, 1, 
		-119.503, 282.102, 115.89, 10.0, 0.94, 0.0, -0.341, 0.0, 1.0, 0.0, 0.341, 0.0, 0.94, -1.0, 19, 2, 
		-109.889, 282.102, 112.378, 10.0, 0.935, 0.0, -0.354, 0.0, 1.0, 0.0, 0.354, 0.0, 0.935, -1.0, 19, 3, 
		-90.167, 282.102, 108.299, 10.0, 0.976, 0.0, -0.218, 0.0, 1.0, 0.0, 0.218, 0.0, 0.976, -1.0, 19, 4, 
		-39.312, 282.102, 112.75, 10.0, 0.863, 0.0, 0.505, 0.0, 1.0, 0.0, -0.505, 0.0, 0.863, -1.0, 19, 5, 
		0.158, 282.102, 115.132, 10.0, 0.843, 0.0, -0.538, 0.0, 1.0, 0.0, 0.538, 0.0, 0.843, -1.0, 19, 6, 
		10.696, 282.102, 108.268, 10.0, 0.967, 0.0, 0.254, 0.0, 1.0, 0.0, -0.254, 0.0, 0.967, -1.0, 19, 7, 
		-96.377, 290.157, 111.958, 10.0, 0.994, 0.0, -0.108, 0.0, 1.0, 0.0, 0.108, 0.0, 0.994, -1.0, 20, 1, 
		-45.338, 290.157, 112.719, 10.0, 0.954, 0.0, 0.3, 0.0, 1.0, 0.0, -0.3, 0.0, 0.954, -1.0, 20, 2, 
		-34.849, 290.157, 116.011, 10.0, 0.8, 0.0, 0.6, 0.0, 1.0, 0.0, -0.6, 0.0, 0.8, -1.0, 20, 3, 
		-6.26, 290.157, 122.331, 10.0, 0.81, 0.0, -0.586, 0.0, 1.0, 0.0, 0.586, 0.0, 0.81, -1.0, 20, 4, 
		2.022, 290.157, 116.338, 10.0, 0.793, 0.0, -0.609, 0.0, 1.0, 0.0, 0.609, 0.0, 0.793, -1.0, 20, 5, 
		12.624, 290.157, 108.618, 10.0, 0.907, 0.0, 0.421, 0.0, 1.0, 0.0, -0.421, 0.0, 0.907, -1.0, 20, 6, 
		-105.86, 298.212, 117.918, 10.0, 0.944, 0.0, -0.33, 0.0, 1.0, 0.0, 0.33, 0.0, 0.944, -1.0, 21, 1, 
		-24.609, 298.212, 125.738, 10.0, 0.977, 0.0, 0.212, 0.0, 1.0, 0.0, -0.212, 0.0, 0.977, -1.0, 21, 2, 
		-15.412, 298.212, 127.952, 10.0, 0.935, 0.0, -0.356, 0.0, 1.0, 0.0, 0.356, 0.0, 0.935, -1.0, 21, 3, 
		-6.259, 298.212, 124.55, 10.0, 0.758, 0.0, -0.653, 0.0, 1.0, 0.0, 0.653, 0.0, 0.758, -1.0, 21, 4, 
		1.748, 298.212, 117.774, 10.0, 0.83, 0.0, -0.558, 0.0, 1.0, 0.0, 0.558, 0.0, 0.83, -1.0, 21, 5, 
		12.087, 298.212, 111.225, 10.0, 0.979, 0.0, 0.206, 0.0, 1.0, 0.0, -0.206, 0.0, 0.979, -1.0, 21, 6, 
		23.006, 298.212, 114.065, 10.0, 0.813, 0.0, 0.582, 0.0, 1.0, 0.0, -0.582, 0.0, 0.813, -1.0, 21, 7, 
		-95.706, 306.267, 117.183, 10.0, 0.987, 0.0, 0.158, 0.0, 1.0, 0.0, -0.158, 0.0, 0.987, -1.0, 22, 1, 
		-24.256, 306.267, 129.384, 10.0, 0.999, 0.0, -0.035, 0.0, 1.0, 0.0, 0.035, 0.0, 0.999, -1.0, 22, 2, 
		-14.639, 306.267, 129.159, 10.0, 0.884, 0.0, -0.467, 0.0, 1.0, 0.0, 0.467, 0.0, 0.884, -1.0, 22, 3, 
		-5.797, 306.267, 124.504, 10.0, 0.781, 0.0, -0.625, 0.0, 1.0, 0.0, 0.625, 0.0, 0.781, -1.0, 22, 4, 
		2.471, 306.267, 117.889, 10.0, 0.854, 0.0, -0.52, 0.0, 1.0, 0.0, 0.52, 0.0, 0.854, -1.0, 22, 5, 
		12.959, 306.267, 112.306, 10.0, 0.979, 0.0, 0.202, 0.0, 1.0, 0.0, -0.202, 0.0, 0.979, -1.0, 22, 6, 
		24.002, 306.267, 115.247, 10.0, 0.78, 0.0, 0.626, 0.0, 1.0, 0.0, -0.626, 0.0, 0.78, -1.0, 22, 7, 
		-23.634, 315.322, 131.313, 10.0, 0.876, 0.0, -0.481, 0.0, 1.0, 0.0, 0.481, 0.0, 0.876, -1.0, 23, 1, 
		-14.732, 315.322, 126.42, 10.0, 0.841, 0.0, -0.542, 0.0, 1.0, 0.0, 0.542, 0.0, 0.841, -1.0, 23, 2, 
		-31.401, 324.377, 136.304, 10.0, 0.821, 0.0, -0.571, 0.0, 1.0, 0.0, 0.571, 0.0, 0.821, -1.0, 24, 1, 
		-23.036, 324.377, 130.485, 10.0, 0.791, 0.0, -0.612, 0.0, 1.0, 0.0, 0.612, 0.0, 0.791, -1.0, 24, 2, 
		-244.496, -150.39, 19.686, 10.0, 0.956, -0.051, 0.29, 0.054, 0.999, 0.0, -0.289, 0.016, 0.957, -1.0, 1, 1, 
		-247.865, -142.643, 19.098, 10.0, 0.994, -0.053, 0.092, 0.054, 0.999, 0.0, -0.092, 0.005, 0.996, -1.0, 2, 1, 
		-250.76, -134.921, 19.104, 10.0, 0.994, -0.053, 0.092, 0.054, 0.999, 0.0, -0.092, 0.005, 0.996, -1.0, 3, 1, 
		-240.577, -135.469, 20.043, 10.0, 0.994, -0.053, 0.092, 0.054, 0.999, 0.0, -0.092, 0.005, 0.996, -1.0, 3, 2, 
		-253.656, -127.2, 19.11, 10.0, 0.994, -0.053, 0.092, 0.054, 0.999, 0.0, -0.092, 0.005, 0.996, -1.0, 4, 1, 
		-243.473, -127.747, 20.049, 10.0, 0.994, -0.053, 0.092, 0.054, 0.999, 0.0, -0.092, 0.005, 0.996, -1.0, 4, 2, 
		-233.29, -128.294, 20.989, 10.0, 0.994, -0.053, 0.092, 0.054, 0.999, 0.0, -0.092, 0.005, 0.996, -1.0, 4, 3, 
		-256.552, -119.478, 19.116, 10.0, 0.994, -0.053, 0.092, 0.054, 0.999, 0.0, -0.092, 0.005, 0.996, -1.0, 5, 1, 
		-246.369, -120.026, 20.055, 10.0, 0.994, -0.053, 0.092, 0.054, 0.999, 0.0, -0.092, 0.005, 0.996, -1.0, 5, 2, 
		-236.186, -120.573, 20.995, 10.0, 0.994, -0.053, 0.092, 0.054, 0.999, 0.0, -0.092, 0.005, 0.996, -1.0, 5, 3, 
		-226.003, -121.12, 21.934, 10.0, 0.994, -0.053, 0.092, 0.054, 0.999, 0.0, -0.092, 0.005, 0.996, -1.0, 5, 4, 
		-260.644, -111.693, 19.368, 10.0, 0.998, -0.054, 0.041, 0.054, 0.999, 0.0, -0.041, 0.002, 0.999, -1.0, 6, 1, 
		-250.313, -112.248, 19.812, 10.0, 0.995, -0.053, 0.089, 0.054, 0.999, 0.0, -0.089, 0.005, 0.996, -1.0, 6, 2, 
		-240.128, -112.795, 20.726, 10.0, 0.995, -0.053, 0.089, 0.054, 0.999, 0.0, -0.089, 0.005, 0.996, -1.0, 6, 3, 
		-229.942, -113.343, 21.64, 10.0, 0.995, -0.053, 0.089, 0.054, 0.999, 0.0, -0.089, 0.005, 0.996, -1.0, 6, 4, 
		-219.757, -113.89, 22.555, 10.0, 0.995, -0.053, 0.089, 0.054, 0.999, 0.0, -0.089, 0.005, 0.996, -1.0, 6, 5, 
		-271.572, -103.54, 19.541, 10.0, 0.988, -0.053, 0.142, 0.054, 0.999, 0.0, -0.142, 0.008, 0.99, -1.0, 7, 1, 
		-261.651, -104.073, 20.931, 10.0, 0.999, -0.054, 0.0, 0.054, 0.999, 0.0, 0.0, 0.0, 1.0, -1.0, 7, 2, 
		-251.426, -104.622, 20.931, 10.0, 0.999, -0.054, 0.0, 0.054, 0.999, 0.0, 0.0, 0.0, 1.0, -1.0, 7, 3, 
		-241.122, -105.176, 20.931, 10.0, 0.998, -0.054, 0.033, 0.054, 0.999, 0.0, -0.033, 0.002, 0.999, -1.0, 7, 4, 
		-230.767, -105.732, 21.286, 10.0, 0.995, -0.053, 0.089, 0.054, 0.999, 0.0, -0.089, 0.005, 0.996, -1.0, 7, 5, 
		-220.582, -106.28, 22.2, 10.0, 0.995, -0.053, 0.089, 0.054, 0.999, 0.0, -0.089, 0.005, 0.996, -1.0, 7, 6, 
		-210.391, -106.827, 23.115, 10.0, 0.994, -0.053, 0.091, 0.054, 0.999, 0.0, -0.091, 0.005, 0.996, -1.0, 7, 7, 
		-278.481, -95.602, 20.771, 10.0, 0.983, -0.053, 0.178, 0.054, 0.999, 0.0, -0.177, 0.01, 0.984, -1.0, 8, 1, 
		-268.67, -96.13, 22.498, 10.0, 0.999, -0.054, 0.0, 0.054, 0.999, 0.0, 0.0, 0.0, 1.0, -1.0, 8, 2, 
		-258.445, -96.679, 22.498, 10.0, 0.999, -0.054, 0.0, 0.054, 0.999, 0.0, 0.0, 0.0, 1.0, -1.0, 8, 3, 
		-248.22, -97.229, 22.498, 10.0, 0.999, -0.054, 0.0, 0.054, 0.999, 0.0, 0.0, 0.0, 1.0, -1.0, 8, 4, 
		-237.995, -97.778, 22.498, 10.0, 0.999, -0.054, 0.0, 0.054, 0.999, 0.0, 0.0, 0.0, 1.0, -1.0, 8, 5, 
		-227.769, -98.328, 22.498, 10.0, 0.999, -0.054, 0.0, 0.054, 0.999, 0.0, 0.0, 0.0, 1.0, -1.0, 8, 6, 
		-217.399, -98.885, 22.498, 10.0, 0.997, -0.054, 0.061, 0.054, 0.999, 0.0, -0.061, 0.003, 0.998, -1.0, 8, 7, 
		-207.116, -99.438, 23.129, 10.0, 0.994, -0.053, 0.093, 0.054, 0.999, 0.0, -0.092, 0.005, 0.996, -1.0, 8, 8, 
		-196.733, -99.995, 24.121, 10.0, 0.983, -0.053, 0.177, 0.054, 0.999, 0.0, -0.176, 0.009, 0.984, -1.0, 8, 9, 
		-276.201, -88.159, 24.0, 10.0, 0.999, -0.054, 0.0, 0.054, 0.999, 0.0, 0.0, 0.0, 1.0, -1.0, 9, 1, 
		-265.976, -88.709, 24.0, 10.0, 0.999, -0.054, 0.0, 0.054, 0.999, 0.0, 0.0, 0.0, 1.0, -1.0, 9, 2, 
		-255.75, -89.258, 24.0, 10.0, 0.999, -0.054, 0.0, 0.054, 0.999, 0.0, 0.0, 0.0, 1.0, -1.0, 9, 3, 
		-245.525, -89.808, 24.0, 10.0, 0.999, -0.054, 0.0, 0.054, 0.999, 0.0, 0.0, 0.0, 1.0, -1.0, 9, 4, 
		-235.3, -90.357, 24.0, 10.0, 0.999, -0.054, 0.0, 0.054, 0.999, 0.0, 0.0, 0.0, 1.0, -1.0, 9, 5, 
		-225.075, -90.907, 24.0, 10.0, 0.999, -0.054, 0.0, 0.054, 0.999, 0.0, 0.0, 0.0, 1.0, -1.0, 9, 6, 
		-214.849, -91.456, 24.0, 10.0, 0.999, -0.054, 0.0, 0.054, 0.999, 0.0, 0.0, 0.0, 1.0, -1.0, 9, 7, 
		-204.624, -92.006, 24.0, 10.0, 0.999, -0.054, 0.0, 0.054, 0.999, 0.0, 0.0, 0.0, 1.0, -1.0, 9, 8, 
		-194.041, -92.574, 24.0, 10.0, 0.987, -0.053, 0.15, 0.054, 0.999, 0.0, -0.15, 0.008, 0.989, -1.0, 9, 9, 
		-183.805, -93.124, 25.556, 10.0, 0.978, -0.053, 0.202, 0.054, 0.999, 0.0, -0.202, 0.011, 0.979, -1.0, 9, 10, 
		-273.507, -80.738, 26.705, 10.0, 0.999, -0.054, 0.0, 0.054, 0.999, 0.0, 0.0, 0.0, 1.0, -1.0, 10, 1, 
		-263.282, -81.288, 26.705, 10.0, 0.999, -0.054, 0.0, 0.054, 0.999, 0.0, 0.0, 0.0, 1.0, -1.0, 10, 2, 
		-253.057, -81.837, 26.705, 10.0, 0.999, -0.054, 0.0, 0.054, 0.999, 0.0, 0.0, 0.0, 1.0, -1.0, 10, 3, 
		-242.831, -82.386, 26.705, 10.0, 0.999, -0.054, 0.0, 0.054, 0.999, 0.0, 0.0, 0.0, 1.0, -1.0, 10, 4, 
		-232.606, -82.936, 26.705, 10.0, 0.999, -0.054, 0.0, 0.054, 0.999, 0.0, 0.0, 0.0, 1.0, -1.0, 10, 5, 
		-222.381, -83.485, 26.705, 10.0, 0.999, -0.054, 0.0, 0.054, 0.999, 0.0, 0.0, 0.0, 1.0, -1.0, 10, 6, 
		-212.156, -84.035, 26.705, 10.0, 0.999, -0.054, 0.0, 0.054, 0.999, 0.0, 0.0, 0.0, 1.0, -1.0, 10, 7, 
		-201.93, -84.584, 26.705, 10.0, 0.999, -0.054, 0.0, 0.054, 0.999, 0.0, 0.0, 0.0, 1.0, -1.0, 10, 8, 
		-191.705, -85.134, 26.705, 10.0, 0.999, -0.054, 0.0, 0.054, 0.999, 0.0, 0.0, 0.0, 1.0, -1.0, 10, 9, 
		-181.207, -85.698, 26.705, 10.0, 0.992, -0.053, 0.114, 0.054, 0.999, 0.0, -0.114, 0.006, 0.993, -1.0, 10, 10, 
		-170.944, -86.25, 27.907, 10.0, 0.986, -0.053, 0.157, 0.054, 0.999, 0.0, -0.157, 0.008, 0.988, -1.0, 10, 11, 
		-270.813, -73.317, 30.069, 10.0, 0.999, -0.054, 0.0, 0.054, 0.999, 0.0, 0.0, 0.0, 1.0, -1.0, 11, 1, 
		-260.588, -73.866, 30.069, 10.0, 0.999, -0.054, 0.0, 0.054, 0.999, 0.0, 0.0, 0.0, 1.0, -1.0, 11, 2, 
		-250.363, -74.416, 30.069, 10.0, 0.999, -0.054, 0.0, 0.054, 0.999, 0.0, 0.0, 0.0, 1.0, -1.0, 11, 3, 
		-240.137, -74.965, 30.069, 10.0, 0.999, -0.054, 0.0, 0.054, 0.999, 0.0, 0.0, 0.0, 1.0, -1.0, 11, 4, 
		-229.912, -75.515, 30.069, 10.0, 0.999, -0.054, 0.0, 0.054, 0.999, 0.0, 0.0, 0.0, 1.0, -1.0, 11, 5, 
		-219.687, -76.064, 30.069, 10.0, 0.999, -0.054, 0.0, 0.054, 0.999, 0.0, 0.0, 0.0, 1.0, -1.0, 11, 6, 
		-209.462, -76.614, 30.069, 10.0, 0.999, -0.054, 0.0, 0.054, 0.999, 0.0, 0.0, 0.0, 1.0, -1.0, 11, 7, 
		-199.236, -77.163, 30.069, 10.0, 0.999, -0.054, 0.0, 0.054, 0.999, 0.0, 0.0, 0.0, 1.0, -1.0, 11, 8, 
		-189.011, -77.713, 30.069, 10.0, 0.999, -0.054, 0.0, 0.054, 0.999, 0.0, 0.0, 0.0, 1.0, -1.0, 11, 9, 
		-178.786, -78.262, 30.069, 10.0, 0.999, -0.054, 0.0, 0.054, 0.999, 0.0, 0.0, 0.0, 1.0, -1.0, 11, 10, 
		-168.527, -78.814, 30.069, 10.0, 0.998, -0.054, 0.014, 0.054, 0.999, 0.0, -0.014, 0.001, 1.0, -1.0, 11, 11, 
		-157.864, -79.387, 30.316, 10.0, 0.979, -0.053, 0.198, 0.054, 0.999, 0.0, -0.198, 0.011, 0.98, -1.0, 11, 12, 
		-268.119, -65.896, 34.0, 10.0, 0.999, -0.054, 0.0, 0.054, 0.999, 0.0, 0.0, 0.0, 1.0, -1.0, 12, 1, 
		-257.894, -66.445, 34.0, 10.0, 0.999, -0.054, 0.0, 0.054, 0.999, 0.0, 0.0, 0.0, 1.0, -1.0, 12, 2, 
		-247.669, -66.995, 34.0, 10.0, 0.999, -0.054, 0.0, 0.054, 0.999, 0.0, 0.0, 0.0, 1.0, -1.0, 12, 3, 
		-237.444, -67.544, 34.0, 10.0, 0.999, -0.054, 0.0, 0.054, 0.999, 0.0, 0.0, 0.0, 1.0, -1.0, 12, 4, 
		-227.218, -68.094, 34.0, 10.0, 0.999, -0.054, 0.0, 0.054, 0.999, 0.0, 0.0, 0.0, 1.0, -1.0, 12, 5, 
		-216.993, -68.643, 34.0, 10.0, 0.999, -0.054, 0.0, 0.054, 0.999, 0.0, 0.0, 0.0, 1.0, -1.0, 12, 6, 
		-206.768, -69.193, 34.0, 10.0, 0.999, -0.054, 0.0, 0.054, 0.999, 0.0, 0.0, 0.0, 1.0, -1.0, 12, 7, 
		-196.543, -69.742, 34.0, 10.0, 0.999, -0.054, 0.0, 0.054, 0.999, 0.0, 0.0, 0.0, 1.0, -1.0, 12, 8, 
		-186.317, -70.292, 34.0, 10.0, 0.999, -0.054, 0.0, 0.054, 0.999, 0.0, 0.0, 0.0, 1.0, -1.0, 12, 9, 
		-176.092, -70.841, 34.0, 10.0, 0.999, -0.054, 0.0, 0.054, 0.999, 0.0, 0.0, 0.0, 1.0, -1.0, 12, 10, 
		-165.867, -71.391, 34.0, 10.0, 0.999, -0.054, 0.0, 0.054, 0.999, 0.0, 0.0, 0.0, 1.0, -1.0, 12, 11, 
		-155.642, -71.94, 34.0, 10.0, 0.999, -0.054, 0.0, 0.054, 0.999, 0.0, 0.0, 0.0, 1.0, -1.0, 12, 12, 
		-145.335, -72.494, 34.0, 10.0, 0.998, -0.054, 0.033, 0.054, 0.999, 0.0, -0.033, 0.002, 0.999, -1.0, 12, 13, 
		-265.425, -58.475, 37.63, 10.0, 0.999, -0.054, 0.0, 0.054, 0.999, 0.0, 0.0, 0.0, 1.0, -1.0, 13, 1, 
		-255.2, -59.024, 37.63, 10.0, 0.999, -0.054, 0.0, 0.054, 0.999, 0.0, 0.0, 0.0, 1.0, -1.0, 13, 2, 
		-244.975, -59.574, 37.63, 10.0, 0.999, -0.054, 0.0, 0.054, 0.999, 0.0, 0.0, 0.0, 1.0, -1.0, 13, 3, 
		-234.75, -60.123, 37.63, 10.0, 0.999, -0.054, 0.0, 0.054, 0.999, 0.0, 0.0, 0.0, 1.0, -1.0, 13, 4, 
		-224.524, -60.673, 37.63, 10.0, 0.999, -0.054, 0.0, 0.054, 0.999, 0.0, 0.0, 0.0, 1.0, -1.0, 13, 5, 
		-214.299, -61.222, 37.63, 10.0, 0.999, -0.054, 0.0, 0.054, 0.999, 0.0, 0.0, 0.0, 1.0, -1.0, 13, 6, 
		-204.074, -61.772, 37.63, 10.0, 0.999, -0.054, 0.0, 0.054, 0.999, 0.0, 0.0, 0.0, 1.0, -1.0, 13, 7, 
		-193.849, -62.321, 37.63, 10.0, 0.999, -0.054, 0.0, 0.054, 0.999, 0.0, 0.0, 0.0, 1.0, -1.0, 13, 8, 
		-183.623, -62.871, 37.63, 10.0, 0.999, -0.054, 0.0, 0.054, 0.999, 0.0, 0.0, 0.0, 1.0, -1.0, 13, 9, 
		-173.398, -63.42, 37.63, 10.0, 0.999, -0.054, 0.0, 0.054, 0.999, 0.0, 0.0, 0.0, 1.0, -1.0, 13, 10, 
		-163.173, -63.97, 37.63, 10.0, 0.999, -0.054, 0.0, 0.054, 0.999, 0.0, 0.0, 0.0, 1.0, -1.0, 13, 11, 
		-152.948, -64.519, 37.63, 10.0, 0.999, -0.054, 0.0, 0.054, 0.999, 0.0, 0.0, 0.0, 1.0, -1.0, 13, 12, 
		-142.722, -65.068, 37.63, 10.0, 0.999, -0.054, 0.0, 0.054, 0.999, 0.0, 0.0, 0.0, 1.0, -1.0, 13, 13, 
		-132.318, -65.628, 37.63, 10.0, 0.996, -0.054, 0.075, 0.054, 0.999, 0.0, -0.075, 0.004, 0.997, -1.0, 13, 14, 
		-262.731, -51.054, 40.16, 10.0, 0.999, -0.054, 0.0, 0.054, 0.999, 0.0, 0.0, 0.0, 1.0, -1.0, 14, 1, 
		-252.506, -51.603, 40.16, 10.0, 0.999, -0.054, 0.0, 0.054, 0.999, 0.0, 0.0, 0.0, 1.0, -1.0, 14, 2, 
		-242.281, -52.153, 40.16, 10.0, 0.999, -0.054, 0.0, 0.054, 0.999, 0.0, 0.0, 0.0, 1.0, -1.0, 14, 3, 
		-232.056, -52.702, 40.16, 10.0, 0.999, -0.054, 0.0, 0.054, 0.999, 0.0, 0.0, 0.0, 1.0, -1.0, 14, 4, 
		-221.83, -53.252, 40.16, 10.0, 0.999, -0.054, 0.0, 0.054, 0.999, 0.0, 0.0, 0.0, 1.0, -1.0, 14, 5, 
		-211.605, -53.801, 40.16, 10.0, 0.999, -0.054, 0.0, 0.054, 0.999, 0.0, 0.0, 0.0, 1.0, -1.0, 14, 6, 
		-201.38, -54.351, 40.16, 10.0, 0.999, -0.054, 0.0, 0.054, 0.999, 0.0, 0.0, 0.0, 1.0, -1.0, 14, 7, 
		-191.155, -54.9, 40.16, 10.0, 0.999, -0.054, 0.0, 0.054, 0.999, 0.0, 0.0, 0.0, 1.0, -1.0, 14, 8, 
		-180.929, -55.449, 40.16, 10.0, 0.999, -0.054, 0.0, 0.054, 0.999, 0.0, 0.0, 0.0, 1.0, -1.0, 14, 9, 
		-170.704, -55.999, 40.16, 10.0, 0.999, -0.054, 0.0, 0.054, 0.999, 0.0, 0.0, 0.0, 1.0, -1.0, 14, 10, 
		-160.479, -56.548, 40.16, 10.0, 0.999, -0.054, 0.0, 0.054, 0.999, 0.0, 0.0, 0.0, 1.0, -1.0, 14, 11, 
		-150.254, -57.098, 40.16, 10.0, 0.999, -0.054, 0.0, 0.054, 0.999, 0.0, 0.0, 0.0, 1.0, -1.0, 14, 12, 
		-140.029, -57.647, 40.16, 10.0, 0.999, -0.054, 0.0, 0.054, 0.999, 0.0, 0.0, 0.0, 1.0, -1.0, 14, 13, 
		-260.038, -43.633, 44.0, 10.0, 0.999, -0.054, 0.0, 0.054, 0.999, 0.0, 0.0, 0.0, 1.0, -1.0, 15, 1, 
		-249.812, -44.182, 44.0, 10.0, 0.999, -0.054, 0.0, 0.054, 0.999, 0.0, 0.0, 0.0, 1.0, -1.0, 15, 2, 
		-239.587, -44.732, 44.0, 10.0, 0.999, -0.054, 0.0, 0.054, 0.999, 0.0, 0.0, 0.0, 1.0, -1.0, 15, 3, 
		-229.362, -45.281, 44.0, 10.0, 0.999, -0.054, 0.0, 0.054, 0.999, 0.0, 0.0, 0.0, 1.0, -1.0, 15, 4, 
		-219.137, -45.83, 44.0, 10.0, 0.999, -0.054, 0.0, 0.054, 0.999, 0.0, 0.0, 0.0, 1.0, -1.0, 15, 5, 
		-208.911, -46.38, 44.0, 10.0, 0.999, -0.054, 0.0, 0.054, 0.999, 0.0, 0.0, 0.0, 1.0, -1.0, 15, 6, 
		-198.686, -46.929, 44.0, 10.0, 0.999, -0.054, 0.0, 0.054, 0.999, 0.0, 0.0, 0.0, 1.0, -1.0, 15, 7, 
		-188.461, -47.479, 44.0, 10.0, 0.999, -0.054, 0.0, 0.054, 0.999, 0.0, 0.0, 0.0, 1.0, -1.0, 15, 8, 
		-178.236, -48.028, 44.0, 10.0, 0.999, -0.054, 0.0, 0.054, 0.999, 0.0, 0.0, 0.0, 1.0, -1.0, 15, 9, 
		-168.01, -48.578, 44.0, 10.0, 0.999, -0.054, 0.0, 0.054, 0.999, 0.0, 0.0, 0.0, 1.0, -1.0, 15, 10, 
		-157.785, -49.127, 44.0, 10.0, 0.999, -0.054, 0.0, 0.054, 0.999, 0.0, 0.0, 0.0, 1.0, -1.0, 15, 11, 
		-147.56, -49.677, 44.0, 10.0, 0.999, -0.054, 0.0, 0.054, 0.999, 0.0, 0.0, 0.0, 1.0, -1.0, 15, 12, 
		-257.344, -36.211, 47.721, 10.0, 0.999, -0.054, 0.0, 0.054, 0.999, 0.0, 0.0, 0.0, 1.0, -1.0, 16, 1, 
		-247.119, -36.761, 47.721, 10.0, 0.999, -0.054, 0.0, 0.054, 0.999, 0.0, 0.0, 0.0, 1.0, -1.0, 16, 2, 
		-236.893, -37.31, 47.721, 10.0, 0.999, -0.054, 0.0, 0.054, 0.999, 0.0, 0.0, 0.0, 1.0, -1.0, 16, 3, 
		-226.668, -37.86, 47.721, 10.0, 0.999, -0.054, 0.0, 0.054, 0.999, 0.0, 0.0, 0.0, 1.0, -1.0, 16, 4, 
		-216.443, -38.409, 47.721, 10.0, 0.999, -0.054, 0.0, 0.054, 0.999, 0.0, 0.0, 0.0, 1.0, -1.0, 16, 5, 
		-206.218, -38.959, 47.722, 10.0, 0.999, -0.054, 0.0, 0.054, 0.999, 0.0, 0.0, 0.0, 1.0, -1.0, 16, 6, 
		-195.992, -39.508, 47.722, 10.0, 0.999, -0.054, 0.0, 0.054, 0.999, 0.0, 0.0, 0.0, 1.0, -1.0, 16, 7, 
		-185.767, -40.058, 47.722, 10.0, 0.999, -0.054, 0.0, 0.054, 0.999, 0.0, 0.0, 0.0, 1.0, -1.0, 16, 8, 
		-175.542, -40.607, 47.722, 10.0, 0.999, -0.054, 0.0, 0.054, 0.999, 0.0, 0.0, 0.0, 1.0, -1.0, 16, 9, 
		-165.317, -41.157, 47.722, 10.0, 0.999, -0.054, 0.0, 0.054, 0.999, 0.0, 0.0, 0.0, 1.0, -1.0, 16, 10, 
		-254.65, -28.79, 51.085, 10.0, 0.999, -0.054, 0.0, 0.054, 0.999, 0.0, 0.0, 0.0, 1.0, -1.0, 17, 1, 
		-244.425, -29.34, 51.085, 10.0, 0.999, -0.054, 0.0, 0.054, 0.999, 0.0, 0.0, 0.0, 1.0, -1.0, 17, 2, 
		-234.199, -29.889, 51.085, 10.0, 0.999, -0.054, 0.0, 0.054, 0.999, 0.0, 0.0, 0.0, 1.0, -1.0, 17, 3, 
		-223.974, -30.439, 51.085, 10.0, 0.999, -0.054, 0.0, 0.054, 0.999, 0.0, 0.0, 0.0, 1.0, -1.0, 17, 4, 
		-213.749, -30.988, 51.085, 10.0, 0.999, -0.054, 0.0, 0.054, 0.999, 0.0, 0.0, 0.0, 1.0, -1.0, 17, 5, 
		-203.524, -31.538, 51.085, 10.0, 0.999, -0.054, 0.0, 0.054, 0.999, 0.0, 0.0, 0.0, 1.0, -1.0, 17, 6, 
		-193.298, -32.087, 51.085, 10.0, 0.999, -0.054, 0.0, 0.054, 0.999, 0.0, 0.0, 0.0, 1.0, -1.0, 17, 7, 
		-183.073, -32.637, 51.085, 10.0, 0.999, -0.054, 0.0, 0.054, 0.999, 0.0, 0.0, 0.0, 1.0, -1.0, 17, 8, 
		-172.848, -33.186, 51.085, 10.0, 0.999, -0.054, 0.0, 0.054, 0.999, 0.0, 0.0, 0.0, 1.0, -1.0, 17, 9, 
		-251.956, -21.369, 54.0, 10.0, 0.999, -0.054, 0.0, 0.054, 0.999, 0.0, 0.0, 0.0, 1.0, -1.0, 18, 1, 
		-241.731, -21.919, 54.0, 10.0, 0.999, -0.054, 0.0, 0.054, 0.999, 0.0, 0.0, 0.0, 1.0, -1.0, 18, 2, 
		-231.505, -22.468, 54.0, 10.0, 0.999, -0.054, 0.0, 0.054, 0.999, 0.0, 0.0, 0.0, 1.0, -1.0, 18, 3, 
		-221.28, -23.018, 54.0, 10.0, 0.999, -0.054, 0.0, 0.054, 0.999, 0.0, 0.0, 0.0, 1.0, -1.0, 18, 4, 
		-211.055, -23.567, 54.0, 10.0, 0.999, -0.054, 0.0, 0.054, 0.999, 0.0, 0.0, 0.0, 1.0, -1.0, 18, 5, 
		-200.83, -24.117, 54.0, 10.0, 0.999, -0.054, 0.0, 0.054, 0.999, 0.0, 0.0, 0.0, 1.0, -1.0, 18, 6, 
		-190.604, -24.666, 54.0, 10.0, 0.999, -0.054, 0.0, 0.054, 0.999, 0.0, 0.0, 0.0, 1.0, -1.0, 18, 7, 
		-249.262, -13.948, 57.813, 10.0, 0.999, -0.054, 0.0, 0.054, 0.999, 0.0, 0.0, 0.0, 1.0, -1.0, 19, 1, 
		-223.174, -15.35, 57.813, 10.0, 0.999, -0.054, 0.0, 0.054, 0.999, 0.0, 0.0, 0.0, 1.0, -1.0, 19, 2, 
		-212.949, -15.899, 57.813, 10.0, 0.999, -0.054, 0.0, 0.054, 0.999, 0.0, 0.0, 0.0, 1.0, -1.0, 19, 3, 
		-202.724, -16.449, 57.813, 10.0, 0.999, -0.054, 0.0, 0.054, 0.999, 0.0, 0.0, 0.0, 1.0, -1.0, 19, 4, 
		-246.568, -6.527, 61.177, 10.0, 0.999, -0.054, 0.0, 0.054, 0.999, 0.0, 0.0, 0.0, 1.0, -1.0, 20, 1, 
		-243.874, 0.894, 65.178, 10.0, 0.999, -0.054, 0.0, 0.054, 0.999, 0.0, 0.0, 0.0, 1.0, -1.0, 21, 1, 
		-99.071, -234.386, 58.287, 10.0, 0.967, 0.0, 0.255, 0.0, 1.0, 0.0, -0.255, 0.0, 0.967, -1.0, 1, 1, 
		-103.799, -226.831, 56.816, 10.0, 0.988, 0.0, 0.152, 0.0, 1.0, 0.0, -0.152, 0.0, 0.988, -1.0, 2, 1, 
		-93.298, -226.831, 58.464, 10.0, 0.951, 0.0, 0.311, 0.0, 1.0, 0.0, -0.311, 0.0, 0.951, -1.0, 2, 2, 
		-15.393, -226.831, 67.168, 10.0, 0.999, 0.0, -0.04, 0.0, 1.0, 0.0, 0.04, 0.0, 0.999, -1.0, 2, 3, 
		-4.902, -226.831, 66.794, 10.0, 0.998, 0.0, 0.069, 0.0, 1.0, 0.0, -0.069, 0.0, 0.998, -1.0, 2, 4, 
		5.246, -226.831, 67.49, 10.0, 1.0, 0.0, 0.021, 0.0, 1.0, 0.0, -0.021, 0.0, 1.0, -1.0, 2, 5, 
		-106.339, -219.276, 55.729, 10.0, 0.988, 0.0, 0.154, 0.0, 1.0, 0.0, -0.154, 0.0, 0.988, -1.0, 3, 1, 
		-96.122, -219.276, 57.346, 10.0, 0.981, 0.0, 0.196, 0.0, 1.0, 0.0, -0.196, 0.0, 0.981, -1.0, 3, 2, 
		-86.012, -219.276, 59.363, 10.0, 0.975, 0.0, 0.223, 0.0, 1.0, 0.0, -0.223, 0.0, 0.975, -1.0, 3, 3, 
